101
-604303 -732757
-673421 656767
679469 48981
-1430 -748728
9948 486161
-305938 -609558
410369 650897
-341836 -459640
-618692 223530
-410369 279254
-212055 145110
-520764 296802
-496265 717962
748728 -717962
-193121 -296802
189354 232726
-446747 -656767
-419761 390245
704803 -620708
-291774 408991
530856 737431
366043 -630832
154840 52568
144148 729863
-227816 -519835
-504892 -589679
673421 129437
-468320 -79346
536348 -482448
-682496 653809
-154840 -626959
2839 -164233
305938 699894
-704803 -6830
10174 243593
288724 291774
-135327 -699894
-116066 -737431
-721397 -10174
-648445 496265
164233 89429
419761 -760641
42500 -690777
482448 681149
-785772 -679469
687098 651511
54560 124374
-189354 630832
504892 645762
-279254 -432628
-694408 -408991
-266202 -733230
-232726 -124374
-536348 -297558
-650897 116066
593335 301782
-268861 760641
520764 188608
-223530 618692
-288724 1430
-145110 6830
468320 -54560
560475 -651511
446747 -129437
-593335 604303
519835 323233
618692 223530
297558 -366043
-383749 690777
193121 -188608
725335 190890
-323233 785772
726298 459640
-9948 341836
682496 -486161
694408 -560475
619021 -42500
-618692 -223530
-2839 721397
-727802 589679
-729863 620708
-52568 212055
-688172 -378463
727802 -645762
-726298 732757
79346 -89429
-327257 648445
-530856 -48981
-687098 -144148
-390245 -190890
378463 733230
135327 116066
-619021 626959
268861 93420
327257 383749
-135327 609558
-93420 -681149
227816 -243593
432628 -725335
688172 -301782
266202 -653809
