57
-191826 -53055
81025 -83974
162741 134592
-69908 -59575
-36028 58459
76873 -9187
9187 -76873
-167553 63045
53054 -14302
13629 37722
42702 177513
78792 83974
157331 -141566
-13629 43903
-43903 125634
-104835 -125634
134592 -162741
167553 20263
191826 -19533
-162741 -134592
-63045 -175813
53593 4884
-102319 -53054
-27473 193544
-34900 -42702
-73994 59575
1804 34900
-104975 -149737
-68092 -36004
68092 -37297
-49675 -1804
53055 36028
-75638 69908
104835 57943
102319 75638
14302 -58459
149737 72222
138756 37297
27473 -78792
-193544 -48760
9187 76873
-77492 33758
123478 141566
-109006 -37722
-33758 176022
19533 50871
49675 77492
73994 -57943
-81025 -20263
162741 -76873
-157331 -53593
-176022 -4884
175813 104975
109006 -177513
48760 -50871
-138756 36004
-72222 -123478
