295
157310 -79717
34142 290996
27396 -302345
-349096 -226126
359581 183564
-358900 284947
-180046 11020
161943 270498
-88101 366562
34835 -352718
-237823 -313057
356339 344325
312480 -308525
227905 190788
295030 205269
128309 -232184
7623 -230992
-85738 -108127
-265788 39628
-120292 289018
-130969 387459
174225 -71604
-274615 306344
-19018 205288
269876 -83087
-269876 -133905
349571 -67666
256356 -110100
318442 246963
351120 225036
138057 -203294
83087 365455
221033 -349890
254733 374363
-22191 -6146
88101 -320732
-226086 -97645
-385277 -319054
230992 80386
25674 -374462
143615 -333515
-313390 -34747
165459 -47342
390311 41668
-138057 -40480
-290996 -271266
381467 218710
173100 -1230
-187117 -328420
-359320 -80353
30784 -253398
325443 -160855
-306344 -63766
-359581 -177991
-360782 -321709
335511 -173100
-385556 362508
396608 -210012
233257 -1714
67885 -265033
-168450 350762
-345839 -190788
266970 -64406
-232143 325662
155143 -185754
-68616 -374373
218710 365952
-7623 -18946
-36732 330890
352718 35953
137527 1230
160855 -388377
-325443 -352257
40755 -242507
-396608 350242
203294 108127
138057 141931
227429 -123212
396896 -173100
-246963 313057
-276186 319054
167795 -381780
-237645 123212
308525 359320
-216948 231647
-179611 265306
232143 153180
-379611 -39628
-122969 -160855
349603 -68616
367886 216948
108098 -221033
369036 189327
129941 -99772
-347772 366546
-192355 -94048
101987 -40755
283698 340255
-35953 -238337
218417 -319968
282918 16632
347772 391008
-355438 -81794
-8808 186282
28799 -165459
-316261 108650
37170 -196347
-356339 64065
-292521 -2776
381780 90039
322598 37724
112327 -189327
-128309 -36810
-273821 -231647
-353020 253398
-391008 356339
-282918 -224522
-128764 -258371
366946 -151670
346531 -177419
-112684 91639
319968 373743
255523 -254733
294461 373726
-320606 -208151
-373131 224522
-381119 232184
237645 80353
-54428 -256356
-287707 -362508
168450 -67885
133905 36810
36732 250422
-101987 -349603
117877 61349
-266970 -108650
-265306 151670
-318442 179611
-35209 -155143
294794 375599
-384722 114688
-134045 160055
24682 85738
-24682 257373
-34835 177419
-24669 -80386
-390311 687
21064 -284947
385277 -390993
-294461 -283698
381464 187117
-172477 24669
356355 -365952
285577 192355
273821 -46572
248604 -312480
12943 253169
-205269 -167795
276186 -347119
320732 -331606
46572 99562
271266 -61944
-250422 360782
-34142 -354853
-253752 313390
349890 -157221
128764 -227905
375599 130969
-305340 -186282
-153180 -340255
79715 349096
320606 -375599
-322598 -282053
22191 -241669
-270498 -183564
-120100 186640
-333997 287707
278978 -353262
-356355 19018
353020 35209
-174225 387672
-381464 64406
-11020 -14946
-374363 -366946
-161943 -294252
323143 185754
-373743 107019
61944 -396896
18946 -369036
112684 23548
-218417 -371756
333997 104818
274615 233111
191840 64406
258371 -387459
-99562 81794
14946 266002
-242272 -330890
352257 -367886
331606 -373701
-116278 306396
-22844 265788
-27396 -77013
-90039 77380
174828 210012
99772 166935
238337 -362454
177991 277992
381119 -340255
226086 385556
-323143 94048
-306396 77013
-160055 282053
173327 -365455
-137231 373131
305340 120100
-381467 294252
-157310 -227429
157221 270027
-25674 253752
354853 -364297
196347 353262
-205288 242507
6146 -277992
-351120 -12943
-108098 225036
320350 180046
178324 2776
134045 122969
-114688 260878
-79715 -137527
-191840 172477
-257373 8808
202471 63766
251460 1714
-64065 67666
21435 -270027
237823 210236
358900 -295030
54428 -21064
-174828 364297
117034 -107019
-77380 -119784
333515 -104818
390993 -225036
-266002 -186640
137231 -129941
-285577 265033
374462 -349571
-294794 -20028
116278 -248604
-166935 319170
226126 242272
-218710 -21435
97645 71604
328420 345839
-16632 -394653
79717 -289018
390901 -30784
371756 22844
-91639 316261
-350242 292521
381467 -143615
-112327 -325662
388377 -255523
-251460 -130275
-41668 -173327
355438 -320350
119784 -23548
-373726 60918
373701 379611
-202471 -61349
-141931 -390901
-37170 -117034
-37724 384722
68616 -251354
347119 47342
-344325 -28799
-253169 241669
40480 -335511
-350762 302345
-366562 -278978
-346531 394653
-319170 374373
-233257 130275
-178324 -306344
251354 110100
-117877 -60918
-23548 276186
321709 208151
362454 120292
-387672 -366546
20028 34747
-260878 -233111
-210236 -687
